10 20
1464 5753 4871 4133 3437 5498 5537 2117 8303 9416 8266 991 5396 3669 5809 9192 3657 7391 2570 3025 
2477 6315 5159 4814 3818 2027 8445 6702 5612 5902 4616 9691 2063 9464 7343 3671 655 6858 2998 7613 
7529 1542 339 842 7348 4850 5359 8120 5042 3988 1309 4018 1363 6446 1879 1650 6948 4951 1204 4590 
5322 698 1357 4015 4937 701 4554 8564 1755 20 3191 4987 3457 3388 9605 5443 3268 4254 9153 6551 
4071 2167 1174 9295 6296 5110 7068 773 2338 9264 4201 429 2553 5770 7600 1184 5819 6263 4538 8441 
1542 9260 8893 1489 7579 1404 6742 5120 1058 2083 946 617 7852 5752 3518 8903 6389 943 8868 6855 
6012 9267 8503 221 135 374 2992 8703 1978 2892 6749 8294 3062 804 2329 9665 8062 4631 5610 2390 
7297 8405 8254 2098 3250 5154 5414 8428 2892 4413 3495 8407 4596 6500 1464 8700 5169 9433 2261 1162 
2526 7196 5324 7594 4468 3025 3356 6428 3246 3546 5948 9497 6969 5110 4612 2976 6237 5352 5541 7518 
9716 4131 2993 1945 2998 629 5979 8971 2118 3479 4356 7823 1469 5357 5155 14 3016 5459 2787 5814 
