4
10 10
9773 9528 1080 6687 5890 7887 6909 9694 8395 242 
5261 3419 1529 5560 5294 3437 6629 7811 3413 646 
995 8708 8976 3087 2460 4427 3431 1635 8724 8836 
5002 805 7694 2900 7321 3038 4185 578 8863 9823 
789 9840 6017 7043 7993 1331 1200 1652 6241 5916 
1964 5035 5316 6577 5526 2451 8820 2986 5923 5431 
153 7874 1265 3468 5535 7094 2479 9512 4706 3905 
3110 5891 8234 3937 9415 2510 2523 3218 9910 789 
2432 2046 9490 6371 4824 2847 3475 686 9328 4098 
8932 4941 3020 745 1752 1954 3113 742 1754 4118 
