2
10 50
5339 5492 3139 5657 4015 4987 286 5239 458 2242 9940 2352 9272 1126 4523 5712 263 3794 8769 9392 3065 4054 152 4415 5076 1773 1090 5336 6287 3738 605 2025 922 7044 8381 4220 5614 5069 1271 307 5263 9169 6646 480 9469 9434 1846 7947 1508 2034 
1685 1664 5205 9795 1968 1349 5208 4544 7685 8563 9447 805 8718 8950 6428 8692 5228 4927 3654 4381 8620 8674 3374 2447 2586 1475 6401 6937 7418 7406 788 9037 2001 1 3708 7948 6481 6696 2371 5412 637 1141 6963 2225 8594 6843 2857 9360 8372 2883 
1062 2418 1705 2465 7712 3112 7230 5952 1052 3212 8828 7903 7380 7932 289 4025 837 3855 377 7099 9601 5249 1456 1863 1018 2287 6039 7438 4188 4989 1194 8275 4838 9444 8343 1310 7582 6443 4086 3892 7571 8392 4161 4029 565 7176 5270 5413 1266 2194 
4671 7493 7735 8327 626 3447 9484 3583 1431 9823 6787 6419 4201 7424 3228 5097 5044 6612 818 9036 1782 3816 6188 9975 7828 3022 7961 6499 1710 8045 1756 5228 6096 5383 1772 8856 7923 4530 9899 2849 4701 9475 8419 117 3740 614 1105 5191 7195 5435 
896 2082 1528 2774 9201 2459 1336 8671 420 3840 478 2746 1564 6088 8679 8782 8849 4649 5191 4839 4853 9282 4932 6729 1304 501 7056 3761 1732 2113 5752 5141 3730 4237 528 1833 3045 1495 4952 444 6014 6142 8608 176 5501 2742 1423 7528 2096 6675 
6076 5205 3867 4536 4075 7977 3526 2703 8078 337 2123 7015 6501 6278 4534 3409 9237 7439 7831 2601 5945 328 7395 6643 2228 7218 560 2418 789 3851 6765 7607 5236 7713 3662 2729 5271 2917 7047 3912 2574 9034 8371 3416 6808 3456 5906 6833 7675 7815 
1542 5182 7224 4707 8815 7210 4779 4534 1908 3965 3532 8402 2665 6680 1532 9259 7479 3348 4989 9089 8302 6340 2559 7430 3074 7160 1710 2763 3128 3747 2979 4432 4079 1394 4487 1131 4975 1929 8238 1478 5533 9396 4565 9492 1523 6142 267 6022 7692 7085 
4462 4760 8723 2822 7336 5876 7236 1380 7040 7008 3667 9860 627 6318 8045 473 1164 425 7011 3561 6624 3208 2877 1490 2728 6903 6983 9489 309 8979 7519 6325 461 3243 7288 1730 9057 1854 8227 7399 4074 6975 683 271 7747 6403 4387 6044 9594 5372 
8834 3595 485 8958 1910 5668 3245 5976 4196 3355 1805 5897 6115 7549 972 4175 4121 2302 6198 2445 1942 5241 1113 1838 8581 3833 8577 5358 9016 8851 5466 2086 1614 9358 6717 8883 3932 6679 1154 4691 5107 7575 2744 3601 6781 3414 4290 7344 4963 959 
6470 2517 4153 6127 9090 9967 3924 7246 4907 5797 1870 9851 7702 9628 2369 9260 3032 2684 6544 3347 6187 5062 9614 7571 5104 7117 6793 5599 3591 1050 5923 4943 9743 3032 4730 77 3909 8652 9717 9311 1289 6125 2374 8241 8611 2097 2993 6683 3777 348 
