2
10 20
8394 6939 2618 9866 4915 2937 9593 4527 9173 2868 8887 1020 3014 8570 5288 1919 6522 4214 9454 2310 
9143 1689 1189 1476 9073 5460 1143 3236 7261 7560 5168 8379 1183 9630 5661 2095 4303 420 496 3901 
6805 2421 5704 36 9774 9810 3456 4067 5827 2998 2712 4161 4793 249 9207 9752 5704 6644 1692 2414 
159 1078 8270 8410 9046 3026 1579 3607 5552 5999 9425 7533 228 1899 9995 803 4958 9415 6794 6068 
8127 9097 250 2466 308 1867 4428 518 8710 5029 316 3713 9978 519 4376 6529 1562 2756 3472 6753 
5812 9916 6212 9876 3957 9929 3997 642 2709 101 5852 6567 5016 1647 630 2801 6877 9178 4259 7271 
8502 2075 4265 6633 5771 5128 9779 9235 498 504 6148 9461 9075 7416 7372 7360 8789 8479 8630 2300 
7134 7613 8330 4714 9634 8768 4039 4940 1872 213 9774 1917 4927 652 5937 2244 2403 6585 4275 6358 
7619 2630 4694 721 347 6003 7620 569 7741 3637 1553 823 6700 4231 6404 1078 1879 4809 4705 1661 
815 4115 9613 970 916 3584 2809 5651 2020 4427 3000 3291 3902 7228 6801 8587 424 2695 98 5676 
