3
10 30
7980 4650 4790 178 8670 7009 3048 699 9722 6767 2014 9530 9599 9843 8113 7721 7923 673 1330 5176 9991 8047 1806 7581 3066 7044 7055 8620 9854 7198 
2355 6901 8331 967 1474 1711 4150 1044 2765 5526 2506 9270 2702 8398 9513 3340 984 815 4605 3095 7912 4041 6805 7967 8220 8734 480 5207 5686 667 
5341 4303 1445 9567 5555 2825 2705 2974 878 1507 5604 8412 2428 1340 6953 3190 1151 212 4792 1469 6444 871 7351 2170 2487 6085 3984 1835 7574 416 
7746 7521 4951 8831 9849 7141 7950 4388 4265 9164 5291 4451 5926 4445 288 7177 9705 2363 1435 9618 913 13 5519 4518 546 3421 4484 4471 9118 2984 
2354 429 5455 39 8981 9925 7669 853 7943 93 1541 4091 7690 8324 1530 7928 2183 4737 6724 9255 1841 2062 4572 6643 9969 1194 547 1268 9294 5432 
2609 5107 3365 221 6130 6403 5491 2185 3836 6075 4156 3885 2299 7988 8103 2914 7712 1010 291 7770 7058 5606 1008 1089 6172 5528 2775 1912 6145 4346 
5550 3350 3193 2236 8336 5413 4773 1214 2052 7 8749 9800 3655 2599 4829 5560 7167 1796 8477 9786 4099 8023 9464 5969 4461 7891 4703 3393 1100 5808 
7720 7268 335 8038 8795 6129 1730 4224 277 8045 8786 2137 6946 7651 5965 1793 3094 1380 6830 2428 8581 2127 402 784 1286 7451 2163 9277 9370 5739 
9052 889 9815 618 8186 9849 6073 4941 3215 4737 6452 3138 4467 7079 4235 7762 2165 5938 3800 221 7737 6824 5737 2336 8731 4173 4191 6236 3127 6198 
2050 1180 9915 5641 73 7837 7644 4044 3637 7230 1777 3626 659 6983 6853 660 7664 5557 7865 2719 680 4977 9025 2215 6159 7900 2637 7307 6992 2040 
